
2022-05-29 09:48:58

####################################################################################################
     Training Records
####################################################################################################

     epoch:199                    loss:0.004821617798713276

     train_acc:99.90310077519379                    val_acc:99.03846153846153

####################################################################################################
                                             Accuracies
####################################################################################################
              precision    recall  f1-score   support

           0       1.00      1.00      1.00        31
           1       0.98      0.97      0.98       999
           2       1.00      0.99      0.99       581
           3       1.00      0.96      0.98       165
           4       0.99      0.99      0.99       337
           5       0.98      0.98      0.98       511
           6       1.00      0.89      0.94        19
           7       1.00      0.99      1.00       334
           8       1.00      0.86      0.92        14
           9       0.98      0.98      0.98       679
          10       0.98      0.99      0.99      1718
          11       0.99      0.94      0.97       414
          12       0.99      1.00      1.00       143
          13       0.99      1.00      1.00       885
          14       0.98      0.99      0.99       269
          15       0.86      1.00      0.93        64

    accuracy                           0.99      7163
   macro avg       0.98      0.97      0.98      7163
weighted avg       0.99      0.99      0.99      7163

OA, AA, kappa:[0.9857601563590674, 0.9721230127565332, 0.9837519716656568]

each-acc:[100.0, 97.5, 99.14, 95.76, 98.81, 98.04, 89.47, 99.4, 85.71, 98.38, 99.48, 94.44, 100.0, 100.0, 99.26, 100.0]

test_confusion_matrix: 
   31     0     0     0     0     0     0     0     0     0     0     0     0     0     0     0
    0   974     1     0     0     1     0     0     0     4    17     2     0     0     0     0
    0     2   576     0     1     0     0     0     0     2     0     0     0     0     0     0
    0     3     1   158     0     3     0     0     0     0     0     0     0     0     0     0
    0     0     0     0   333     2     0     0     0     0     0     0     1     1     0     0
    0     1     0     0     0   501     0     0     0     0     4     0     0     0     5     0
    0     0     0     0     1     0    17     0     0     0     0     0     0     1     0     0
    0     0     0     0     0     0     0   332     0     0     0     0     0     2     0     0
    0     0     0     0     0     2     0     0    12     0     0     0     0     0     0     0
    0     1     0     0     3     0     0     0     0   668     7     0     0     0     0     0
    0     7     0     0     0     0     0     0     0     2  1709     0     0     0     0     0
    0     3     0     0     0     1     0     0     0     4     3   391     0     1     1    10
    0     0     0     0     0     0     0     0     0     0     0     0   143     0     0     0
    0     0     0     0     0     0     0     0     0     0     0     0     0   885     0     0
    0     0     0     0     0     0     0     0     0     0     1     0     0     1   267     0
    0     0     0     0     0     0     0     0     0     0     0     0     0     0     0    64
