
2022-05-29 10:24:31

####################################################################################################
     Training Records
####################################################################################################

     epoch:188                    loss:5.544391079650497e-06

     train_acc:100.0                    val_acc:99.83675373134328

####################################################################################################
                                             Accuracies
####################################################################################################
              precision    recall  f1-score   support

           0       0.99      1.00      1.00      4641
           1       1.00      1.00      1.00     13054
           2       1.00      0.99      0.99      1469
           3       1.00      1.00      1.00      2144
           4       1.00      1.00      1.00       941
           5       1.00      1.00      1.00      3520
           6       1.00      0.98      0.99       931
           7       0.99      0.99      0.99      2576
           8       0.99      1.00      1.00       662

    accuracy                           1.00     29938
   macro avg       1.00      1.00      1.00     29938
weighted avg       1.00      1.00      1.00     29938

OA, AA, kappa:[0.9972610060792304, 0.9956608125024032, 0.9963706270023506]

each-acc:[99.7, 99.9, 99.39, 99.81, 99.79, 99.94, 98.5, 99.07, 100.0]

test_confusion_matrix: 
 4627     0     1     1     0     2     2     6     2
    0 13041     1     1     0     6     0     5     0
    0     0  1460     0     0     0     0     9     0
    2     2     0  2140     0     0     0     0     0
    0     0     0     0   939     0     0     0     2
    0     2     0     0     0  3518     0     0     0
   14     0     0     0     0     0   917     0     0
   16     0     5     2     0     0     1  2552     0
    0     0     0     0     0     0     0     0   662
