
2022-05-29 11:37:49

####################################################################################################
     Training Records
####################################################################################################

     epoch:107                    loss:0.00180846060587116

     train_acc:99.9766355140187                    val_acc:99.72014925373135

####################################################################################################
                                             Accuracies
####################################################################################################
              precision    recall  f1-score   support

           0       1.00      0.99      0.99      4641
           1       1.00      1.00      1.00     13054
           2       0.98      0.99      0.98      1469
           3       0.99      1.00      1.00      2144
           4       1.00      1.00      1.00       941
           5       1.00      1.00      1.00      3520
           6       0.98      0.99      0.99       931
           7       1.00      0.99      0.99      2576
           8       1.00      1.00      1.00       662

    accuracy                           1.00     29938
   macro avg       0.99      1.00      0.99     29938
weighted avg       1.00      1.00      1.00     29938

OA, AA, kappa:[0.9967265682410315, 0.9955699694584959, 0.995662861044998]

each-acc:[99.27, 99.94, 98.71, 99.91, 99.89, 99.91, 99.36, 99.03, 100.0]

test_confusion_matrix: 
 4607     0    15     1     0     0    11     7     0
    0 13046     0     8     0     0     0     0     0
   10     0  1450     0     0     1     4     4     0
    0     2     0  2142     0     0     0     0     0
    0     0     0     0   940     0     0     0     1
    0     3     0     0     0  3517     0     0     0
    4     0     0     0     0     0   925     0     2
    6     0    14     4     0     0     1  2551     0
    0     0     0     0     0     0     0     0   662
