
2022-05-09 20:46:45

####################################################################################################
     Training Records
####################################################################################################

     epoch:110                    loss:0.0019375735018711884

     train_acc:99.9515503875969                    val_acc:98.46153846153847

####################################################################################################
                                             Accuracies
####################################################################################################
              precision    recall  f1-score   support

           0       1.00      1.00      1.00        31
           1       0.98      0.97      0.97       999
           2       0.97      0.99      0.98       581
           3       0.98      0.95      0.96       165
           4       0.97      0.99      0.98       337
           5       0.99      1.00      0.99       511
           6       0.95      0.95      0.95        19
           7       1.00      1.00      1.00       334
           8       1.00      1.00      1.00        14
           9       0.98      0.97      0.98       679
          10       0.98      0.99      0.99      1718
          11       0.97      0.95      0.96       414
          12       1.00      1.00      1.00       143
          13       1.00      1.00      1.00       885
          14       0.98      0.96      0.97       269
          15       0.94      0.94      0.94        64

    accuracy                           0.98      7163
   macro avg       0.98      0.98      0.98      7163
weighted avg       0.98      0.98      0.98      7163

OA, AA, kappa:[0.9819907859835264, 0.9775513071743489, 0.9794573853577189]

each-acc:[100.0, 96.9, 98.8, 94.55, 98.81, 99.61, 94.74, 100.0, 100.0, 97.05, 99.01, 94.93, 100.0, 99.66, 96.28, 93.75]

test_confusion_matrix: 
   31     0     0     0     0     0     0     0     0     0     0     0     0     0     0     0
    0   968     4     1     1     0     0     0     0    11     8     4     0     0     2     0
    0     0   574     0     0     0     0     0     0     0     7     0     0     0     0     0
    0     1     4   156     0     0     0     0     0     0     1     3     0     0     0     0
    0     0     4     0   333     0     0     0     0     0     0     0     0     0     0     0
    0     0     0     0     0   509     0     0     0     0     2     0     0     0     0     0
    0     0     0     0     1     0    18     0     0     0     0     0     0     0     0     0
    0     0     0     0     0     0     0   334     0     0     0     0     0     0     0     0
    0     0     0     0     0     0     0     0    14     0     0     0     0     0     0     0
    0     6     0     0     1     0     1     0     0   659     8     4     0     0     0     0
    0     4     1     0     6     3     0     0     0     1  1701     0     0     0     2     0
    0     7     4     2     0     0     0     0     0     0     3   393     0     0     1     4
    0     0     0     0     0     0     0     0     0     0     0     0   143     0     0     0
    0     0     0     0     2     0     0     0     0     0     0     0     0   882     1     0
    0     2     2     0     0     2     0     0     0     1     0     0     0     3   259     0
    0     3     0     0     0     0     0     0     0     0     0     1     0     0     0    60
