
2022-05-29 09:37:17

####################################################################################################
     Training Records
####################################################################################################

     epoch:142                    loss:0.0001185607968372991

     train_acc:100.0                    val_acc:98.5576923076923

####################################################################################################
                                             Accuracies
####################################################################################################
              precision    recall  f1-score   support

           0       1.00      0.97      0.98        31
           1       0.98      0.98      0.98       999
           2       0.93      0.99      0.96       581
           3       0.95      0.91      0.93       165
           4       1.00      0.99      0.99       337
           5       0.98      1.00      0.99       511
           6       1.00      0.74      0.85        19
           7       1.00      0.99      1.00       334
           8       1.00      0.93      0.96        14
           9       0.98      0.98      0.98       679
          10       1.00      0.98      0.99      1718
          11       0.98      0.96      0.97       414
          12       1.00      1.00      1.00       143
          13       0.99      1.00      1.00       885
          14       1.00      0.97      0.98       269
          15       0.97      0.98      0.98        64

    accuracy                           0.98      7163
   macro avg       0.98      0.96      0.97      7163
weighted avg       0.98      0.98      0.98      7163

OA, AA, kappa:[0.9828284238447578, 0.9608842569851723, 0.980425043539636]

each-acc:[96.77, 97.7, 99.14, 90.91, 99.11, 100.0, 73.68, 99.4, 92.86, 98.23, 98.25, 96.38, 100.0, 99.89, 96.65, 98.44]

test_confusion_matrix: 
   30     1     0     0     0     0     0     0     0     0     0     0     0     0     0     0
    0   976    17     3     0     0     0     0     0     0     2     1     0     0     0     0
    0     1   576     3     0     0     0     0     0     0     1     0     0     0     0     0
    0     0    14   150     0     0     0     0     0     0     0     1     0     0     0     0
    0     0     0     0   334     3     0     0     0     0     0     0     0     0     0     0
    0     0     0     0     0   511     0     0     0     0     0     0     0     0     0     0
    0     0     0     0     0     5    14     0     0     0     0     0     0     0     0     0
    0     1     0     0     0     0     0   332     0     0     0     0     0     1     0     0
    0     0     1     0     0     0     0     0    13     0     0     0     0     0     0     0
    0     6     3     0     1     0     0     0     0   667     1     1     0     0     0     0
    0     7     0     2     0     3     0     0     0    15  1688     2     0     0     1     0
    0     7     4     0     0     0     0     0     0     0     2   399     0     0     0     2
    0     0     0     0     0     0     0     0     0     0     0     0   143     0     0     0
    0     0     0     0     0     0     0     0     0     0     0     1     0   884     0     0
    0     1     2     0     0     0     0     0     0     1     0     1     0     4   260     0
    0     0     0     0     0     0     0     0     0     0     0     1     0     0     0    63
