
2022-05-10 11:23:12

####################################################################################################
     Training Records
####################################################################################################

     epoch:143                    loss:0.0014506775017211065

     train_acc:99.90310077519379                    val_acc:98.84615384615384

####################################################################################################
                                             Accuracies
####################################################################################################
              precision    recall  f1-score   support

           0       1.00      0.97      0.98        31
           1       0.97      0.99      0.98       999
           2       1.00      0.96      0.98       581
           3       1.00      0.99      1.00       165
           4       0.99      1.00      0.99       337
           5       0.99      1.00      0.99       511
           6       1.00      0.95      0.97        19
           7       1.00      1.00      1.00       334
           8       0.88      1.00      0.93        14
           9       0.99      0.98      0.98       679
          10       0.99      0.99      0.99      1718
          11       0.97      0.96      0.97       414
          12       1.00      1.00      1.00       143
          13       1.00      0.99      0.99       885
          14       0.96      0.99      0.97       269
          15       0.91      1.00      0.96        64

    accuracy                           0.99      7163
   macro avg       0.98      0.99      0.98      7163
weighted avg       0.99      0.99      0.99      7163

OA, AA, kappa:[0.9863185815998883, 0.985249367945783, 0.9843986390486569]

each-acc:[96.77, 99.1, 96.39, 99.39, 99.7, 100.0, 94.74, 100.0, 100.0, 98.23, 98.89, 96.14, 100.0, 98.53, 98.51, 100.0]

test_confusion_matrix: 
   30     0     0     0     0     0     0     0     0     0     0     1     0     0     0     0
    0   990     1     0     0     0     0     0     0     0     6     2     0     0     0     0
    0    10   560     0     0     0     0     0     2     1     4     3     0     1     0     0
    0     0     0   164     1     0     0     0     0     0     0     0     0     0     0     0
    0     1     0     0   336     0     0     0     0     0     0     0     0     0     0     0
    0     0     0     0     0   511     0     0     0     0     0     0     0     0     0     0
    0     0     0     0     1     0    18     0     0     0     0     0     0     0     0     0
    0     0     0     0     0     0     0   334     0     0     0     0     0     0     0     0
    0     0     0     0     0     0     0     0    14     0     0     0     0     0     0     0
    0     6     0     0     1     0     0     1     0   667     2     0     0     0     2     0
    0     7     0     0     0     6     0     0     0     6  1699     0     0     0     0     0
    0     4     0     0     0     0     0     0     0     0     6   398     0     0     0     6
    0     0     0     0     0     0     0     0     0     0     0     0   143     0     0     0
    0     1     0     0     0     0     0     0     0     0     0     4     0   872     8     0
    0     0     0     0     0     0     0     0     0     2     1     1     0     0   265     0
    0     0     0     0     0     0     0     0     0     0     0     0     0     0     0    64
