
2022-05-09 21:32:39

####################################################################################################
     Training Records
####################################################################################################

     epoch:49                    loss:0.002060757225610691

     train_acc:99.9515503875969                    val_acc:98.65384615384616

####################################################################################################
                                             Accuracies
####################################################################################################
              precision    recall  f1-score   support

           0       1.00      1.00      1.00        31
           1       0.97      0.97      0.97       999
           2       0.99      0.98      0.98       581
           3       0.99      0.99      0.99       165
           4       0.97      0.99      0.98       337
           5       0.98      1.00      0.99       511
           6       1.00      0.95      0.97        19
           7       1.00      0.99      1.00       334
           8       1.00      1.00      1.00        14
           9       0.98      0.97      0.97       679
          10       0.98      0.99      0.98      1718
          11       0.99      0.95      0.97       414
          12       0.99      1.00      1.00       143
          13       0.98      1.00      0.99       885
          14       1.00      0.95      0.97       269
          15       0.97      1.00      0.98        64

    accuracy                           0.98      7163
   macro avg       0.99      0.98      0.98      7163
weighted avg       0.98      0.98      0.98      7163

OA, AA, kappa:[0.9822699986039369, 0.9826265025120142, 0.9797729714766303]

each-acc:[100.0, 97.3, 97.93, 98.79, 98.81, 100.0, 94.74, 99.4, 100.0, 97.2, 98.66, 94.69, 100.0, 99.89, 94.8, 100.0]

test_confusion_matrix: 
   31     0     0     0     0     0     0     0     0     0     0     0     0     0     0     0
    0   972     7     0     0     0     0     0     0     0    13     4     0     3     0     0
    0     5   569     0     0     0     0     0     0     5     2     0     0     0     0     0
    0     1     1   163     0     0     0     0     0     0     0     0     0     0     0     0
    0     1     0     0   333     0     0     0     0     0     0     0     1     2     0     0
    0     0     0     0     0   511     0     0     0     0     0     0     0     0     0     0
    0     0     0     0     1     0    18     0     0     0     0     0     0     0     0     0
    0     2     0     0     0     0     0   332     0     0     0     0     0     0     0     0
    0     0     0     0     0     0     0     0    14     0     0     0     0     0     0     0
    0     5     0     0     5     0     0     0     0   660     5     1     0     2     1     0
    0     3     0     0     0     8     0     0     0    11  1695     0     0     1     0     0
    0     6     0     1     0     0     0     0     0     0    12   392     0     1     0     2
    0     0     0     0     0     0     0     0     0     0     0     0   143     0     0     0
    0     0     0     0     0     1     0     0     0     0     0     0     0   884     0     0
    0     2     0     0     3     2     0     0     0     0     1     0     0     6   255     0
    0     0     0     0     0     0     0     0     0     0     0     0     0     0     0    64
