
2022-05-10 11:11:51

####################################################################################################
     Training Records
####################################################################################################

     epoch:104                    loss:0.02276583721212697

     train_acc:99.51550387596899                    val_acc:98.9423076923077

####################################################################################################
                                             Accuracies
####################################################################################################
              precision    recall  f1-score   support

           0       1.00      0.97      0.98        31
           1       0.98      0.99      0.98       999
           2       0.99      0.99      0.99       581
           3       0.97      0.94      0.96       165
           4       0.99      0.99      0.99       337
           5       0.98      1.00      0.99       511
           6       1.00      1.00      1.00        19
           7       1.00      0.99      1.00       334
           8       1.00      0.86      0.92        14
           9       0.98      0.99      0.98       679
          10       1.00      0.99      0.99      1718
          11       0.98      0.96      0.97       414
          12       1.00      1.00      1.00       143
          13       1.00      1.00      1.00       885
          14       0.98      0.97      0.98       269
          15       0.91      1.00      0.96        64

    accuracy                           0.99      7163
   macro avg       0.98      0.98      0.98      7163
weighted avg       0.99      0.99      0.99      7163

OA, AA, kappa:[0.9870166131509144, 0.9772264470719061, 0.9851977284780791]

each-acc:[96.77, 98.8, 98.62, 93.94, 99.41, 100.0, 100.0, 99.4, 85.71, 98.53, 98.6, 96.38, 100.0, 100.0, 97.4, 100.0]

test_confusion_matrix: 
   30     1     0     0     0     0     0     0     0     0     0     0     0     0     0     0
    0   987     4     0     0     0     0     0     0     2     6     0     0     0     0     0
    0     0   573     0     1     0     0     0     0     6     0     0     0     1     0     0
    0     4     4   155     0     0     0     0     0     0     0     2     0     0     0     0
    0     0     0     0   335     1     0     0     0     0     0     0     0     1     0     0
    0     0     0     0     0   511     0     0     0     0     0     0     0     0     0     0
    0     0     0     0     0     0    19     0     0     0     0     0     0     0     0     0
    0     0     0     0     0     0     0   332     0     0     0     0     0     2     0     0
    0     0     0     0     0     2     0     0    12     0     0     0     0     0     0     0
    0     8     0     0     0     0     0     0     0   669     0     0     0     0     2     0
    0     7     0     0     3     6     0     0     0     3  1694     5     0     0     0     0
    0     0     0     4     0     2     0     0     0     0     1   399     0     0     2     6
    0     0     0     0     0     0     0     0     0     0     0     0   143     0     0     0
    0     0     0     0     0     0     0     0     0     0     0     0     0   885     0     0
    0     3     0     0     1     1     0     0     0     1     1     0     0     0   262     0
    0     0     0     0     0     0     0     0     0     0     0     0     0     0     0    64
