
2022-05-09 21:43:13

####################################################################################################
     Training Records
####################################################################################################

     epoch:87                    loss:0.0016023831846688117

     train_acc:99.8546511627907                    val_acc:99.13461538461539

####################################################################################################
                                             Accuracies
####################################################################################################
              precision    recall  f1-score   support

           0       1.00      1.00      1.00        31
           1       0.97      1.00      0.98       999
           2       0.98      0.98      0.98       581
           3       0.99      0.95      0.97       165
           4       1.00      0.99      1.00       337
           5       0.98      1.00      0.99       511
           6       1.00      1.00      1.00        19
           7       1.00      0.99      1.00       334
           8       1.00      1.00      1.00        14
           9       0.99      0.97      0.98       679
          10       1.00      0.99      0.99      1718
          11       0.98      0.96      0.97       414
          12       1.00      0.97      0.98       143
          13       0.99      1.00      1.00       885
          14       0.97      0.99      0.98       269
          15       0.97      0.98      0.98        64

    accuracy                           0.99      7163
   macro avg       0.99      0.98      0.99      7163
weighted avg       0.99      0.99      0.99      7163

OA, AA, kappa:[0.9868770068407092, 0.9848596784079249, 0.9850314448323169]

each-acc:[100.0, 99.6, 97.59, 94.55, 99.41, 99.61, 100.0, 99.1, 100.0, 96.91, 99.19, 96.38, 96.5, 100.0, 98.51, 98.44]

test_confusion_matrix: 
   31     0     0     0     0     0     0     0     0     0     0     0     0     0     0     0
    0   995     0     0     0     1     0     0     0     0     3     0     0     0     0     0
    0     6   567     0     0     0     0     0     0     3     2     0     0     3     0     0
    0     2     2   156     0     5     0     0     0     0     0     0     0     0     0     0
    0     0     0     0   335     0     0     0     0     0     0     0     0     2     0     0
    0     0     0     0     0   509     0     0     0     0     0     0     0     0     2     0
    0     0     0     0     0     0    19     0     0     0     0     0     0     0     0     0
    0     2     0     0     0     0     0   331     0     0     0     0     0     1     0     0
    0     0     0     0     0     0     0     0    14     0     0     0     0     0     0     0
    0    10     0     0     0     0     0     0     0   658     2     6     0     1     2     0
    0    10     0     0     0     1     0     0     0     0  1704     0     0     0     3     0
    0     4     2     1     0     5     0     0     0     1     0   399     0     0     0     2
    0     0     5     0     0     0     0     0     0     0     0     0   138     0     0     0
    0     0     0     0     0     0     0     0     0     0     0     0     0   885     0     0
    0     2     0     0     1     1     0     0     0     0     0     0     0     0   265     0
    0     0     0     0     0     0     0     0     0     0     0     1     0     0     0    63
