
2022-05-29 11:52:47

####################################################################################################
     Training Records
####################################################################################################

     epoch:107                    loss:0.0002785129098351097

     train_acc:100.0                    val_acc:94.46386949943773

####################################################################################################
                                             Accuracies
####################################################################################################
              precision    recall  f1-score   support

           0       0.99      0.99      0.99       532
           1       0.83      0.79      0.81       169
           2       0.91      0.94      0.93       178
           3       0.90      0.69      0.78       175
           4       0.77      0.88      0.82       112
           5       0.91      0.96      0.93       160
           6       0.97      1.00      0.99        73
           7       0.98      0.96      0.97       301
           8       0.94      1.00      0.97       364
           9       0.88      0.87      0.88       282
          10       1.00      1.00      1.00       293
          11       0.91      0.89      0.90       351
          12       0.98      0.99      0.98       648

    accuracy                           0.94      3638
   macro avg       0.92      0.92      0.92      3638
weighted avg       0.94      0.94      0.94      3638

OA, AA, kappa:[0.940351841671248, 0.9207375896352743, 0.9335530427339133]

each-acc:[99.25, 79.29, 94.38, 69.14, 88.39, 95.62, 100.0, 95.68, 100.0, 87.23, 100.0, 88.89, 99.07]

test_confusion_matrix: 
  528     0     0     0     4     0     0     0     0     0     0     0     0
    1   134     5     2     0     1     0     0     0    11     0    14     1
    0     0   168     6     0     4     0     0     0     0     0     0     0
    2    13     6   121    11    11     1     2     0     3     0     5     0
    0     3     5     1    99     0     1     0     0     0     0     2     1
    0     2     1     4     0   153     0     0     0     0     0     0     0
    0     0     0     0     0     0    73     0     0     0     0     0     0
    1     3     0     0     0     0     0   288     9     0     0     0     0
    0     0     0     0     0     0     0     0   364     0     0     0     0
    0     1     0     0    14     0     0     1    14   246     0     6     0
    0     0     0     0     0     0     0     0     0     0   293     0     0
    0     5     0     0     0     0     0     2     0    18     0   312    14
    0     0     0     0     0     0     0     1     0     0     0     5   642
