
2022-05-29 11:41:13

####################################################################################################
     Training Records
####################################################################################################

     epoch:147                    loss:0.00037209953600588055

     train_acc:100.0                    val_acc:94.6969696969697

####################################################################################################
                                             Accuracies
####################################################################################################
              precision    recall  f1-score   support

           0       0.97      1.00      0.98       532
           1       0.80      0.76      0.78       169
           2       0.91      0.97      0.93       178
           3       0.76      0.74      0.75       175
           4       0.91      0.81      0.86       112
           5       0.94      0.91      0.92       160
           6       0.96      1.00      0.98        73
           7       0.94      0.97      0.96       301
           8       0.97      0.99      0.98       364
           9       0.91      0.83      0.87       282
          10       0.99      1.00      0.99       293
          11       0.89      0.89      0.89       351
          12       0.98      0.98      0.98       648

    accuracy                           0.93      3638
   macro avg       0.92      0.91      0.91      3638
weighted avg       0.93      0.93      0.93      3638

OA, AA, kappa:[0.934304562946674, 0.9121099496083951, 0.9268124314878209]

each-acc:[99.81, 76.33, 96.63, 74.29, 81.25, 91.25, 100.0, 97.34, 98.63, 83.33, 100.0, 88.89, 97.99]

test_confusion_matrix: 
  531     0     0     0     1     0     0     0     0     0     0     0     0
    2   129     6     2     0     4     0     3     0    10     0     9     4
    0     0   172     3     1     1     1     0     0     0     0     0     0
    7     2     5   130     3     4     1     3     5     4     0    11     0
    2     0     6    11    91     0     1     0     0     1     0     0     0
    2     5     1     5     0   146     0     1     0     0     0     0     0
    0     0     0     0     0     0    73     0     0     0     0     0     0
    0     4     0     1     0     0     0   293     2     0     0     1     0
    0     0     0     0     0     0     0     5   359     0     0     0     0
    5     9     0     9     4     0     0     5     5   235     0     8     2
    0     0     0     0     0     0     0     0     0     0   293     0     0
    0    12     0    11     0     1     0     2     0     6     3   312     4
    0     0     0     0     0     0     0     0     0     2     0    11   635
