
2022-05-29 11:46:54

####################################################################################################
     Training Records
####################################################################################################

     epoch:157                    loss:5.319546464837953e-05

     train_acc:100.0                    val_acc:90.10780889337713

####################################################################################################
                                             Accuracies
####################################################################################################
              precision    recall  f1-score   support

           0       0.99      0.99      0.99       532
           1       0.77      0.71      0.74       169
           2       0.90      0.98      0.94       178
           3       0.94      0.61      0.74       175
           4       0.78      0.97      0.87       112
           5       0.99      0.91      0.95       160
           6       0.90      1.00      0.95        73
           7       0.98      0.98      0.98       301
           8       0.98      1.00      0.99       364
           9       0.74      0.77      0.75       282
          10       1.00      0.99      1.00       293
          11       0.81      0.68      0.74       351
          12       0.90      1.00      0.95       648

    accuracy                           0.91      3638
   macro avg       0.90      0.89      0.89      3638
weighted avg       0.91      0.91      0.91      3638

OA, AA, kappa:[0.9090159428257284, 0.8913979124629078, 0.898475973599224]

each-acc:[98.87, 71.01, 97.75, 60.57, 97.32, 91.25, 100.0, 97.67, 99.73, 76.95, 99.32, 68.38, 100.0]

test_confusion_matrix: 
  526     0     2     0     4     0     0     0     0     0     0     0     0
    2   120     4     2     0     0     0     0     0    19     0    17     5
    0     0   174     1     0     1     2     0     0     0     0     0     0
    0    13    11   106     8     1     1     2     0    15     0    18     0
    0     0     2     1   109     0     0     0     0     0     0     0     0
    2     6     0     1     0   146     5     0     0     0     0     0     0
    0     0     0     0     0     0    73     0     0     0     0     0     0
    2     0     0     0     0     0     0   294     2     0     0     0     3
    0     0     0     0     0     0     0     1   363     0     0     0     0
    0    10     0     2    17     0     0     1     5   217     0    22     8
    0     0     0     0     0     0     0     0     0     1   291     1     0
    0     7     0     0     2     0     0     2     0    43     0   240    57
    0     0     0     0     0     0     0     0     0     0     0     0   648
