
2022-05-09 21:12:59

####################################################################################################
     Training Records
####################################################################################################

     epoch:41                    loss:0.03882068686505929

     train_acc:99.03100775193798                    val_acc:98.9423076923077

####################################################################################################
                                             Accuracies
####################################################################################################
              precision    recall  f1-score   support

           0       1.00      1.00      1.00        31
           1       0.96      0.97      0.97       999
           2       0.99      0.99      0.99       581
           3       0.98      0.98      0.98       165
           4       0.99      0.99      0.99       337
           5       0.98      1.00      0.99       511
           6       1.00      1.00      1.00        19
           7       1.00      1.00      1.00       334
           8       1.00      1.00      1.00        14
           9       1.00      0.96      0.98       679
          10       0.99      0.98      0.98      1718
          11       0.96      0.96      0.96       414
          12       0.99      1.00      1.00       143
          13       0.97      1.00      0.99       885
          14       0.99      0.96      0.97       269
          15       0.98      1.00      0.99        64

    accuracy                           0.98      7163
   macro avg       0.99      0.99      0.99      7163
weighted avg       0.98      0.98      0.98      7163

OA, AA, kappa:[0.9818511796733213, 0.9865744639269035, 0.9793034776420816]

each-acc:[100.0, 97.5, 98.8, 98.18, 98.52, 99.8, 100.0, 100.0, 100.0, 95.73, 98.08, 96.38, 100.0, 100.0, 95.54, 100.0]

test_confusion_matrix: 
   31     0     0     0     0     0     0     0     0     0     0     0     0     0     0     0
    0   974     6     0     0     4     0     0     0     0     7     8     0     0     0     0
    0     0   574     0     0     0     0     0     0     0     4     0     0     3     0     0
    0     0     0   162     0     3     0     0     0     0     0     0     0     0     0     0
    0     0     0     0   332     0     0     0     0     0     0     0     1     4     0     0
    0     0     0     0     0   510     0     0     0     0     0     0     0     1     0     0
    0     0     0     0     0     0    19     0     0     0     0     0     0     0     0     0
    0     0     0     0     0     0     0   334     0     0     0     0     0     0     0     0
    0     0     0     0     0     0     0     0    14     0     0     0     0     0     0     0
    0     9     0     0     2     0     0     0     0   650    13     4     0     1     0     0
    0    23     0     0     0     2     0     0     0     0  1685     5     0     2     1     0
    0     4     0     4     0     0     0     0     0     0     1   399     0     4     1     1
    0     0     0     0     0     0     0     0     0     0     0     0   143     0     0     0
    0     0     0     0     0     0     0     0     0     0     0     0     0   885     0     0
    0     1     1     0     1     1     0     0     0     0     0     0     0     8   257     0
    0     0     0     0     0     0     0     0     0     0     0     0     0     0     0    64
