
2022-05-29 10:01:09

####################################################################################################
     Training Records
####################################################################################################

     epoch:196                    loss:0.0001062101082892886

     train_acc:100.0                    val_acc:97.98076923076923

####################################################################################################
                                             Accuracies
####################################################################################################
              precision    recall  f1-score   support

           0       1.00      0.97      0.98        31
           1       0.94      0.98      0.96       999
           2       0.99      0.98      0.99       581
           3       0.96      0.95      0.96       165
           4       0.99      1.00      0.99       337
           5       0.99      0.99      0.99       511
           6       1.00      0.95      0.97        19
           7       1.00      1.00      1.00       334
           8       1.00      0.79      0.88        14
           9       0.97      0.96      0.97       679
          10       0.98      0.98      0.98      1718
          11       0.98      0.89      0.93       414
          12       1.00      1.00      1.00       143
          13       1.00      1.00      1.00       885
          14       0.98      0.97      0.97       269
          15       0.97      0.97      0.97        64

    accuracy                           0.98      7163
   macro avg       0.98      0.96      0.97      7163
weighted avg       0.98      0.98      0.98      7163

OA, AA, kappa:[0.9783610219181907, 0.9614251487745352, 0.9753089025276248]

each-acc:[96.77, 98.2, 98.28, 95.15, 100.0, 99.41, 94.74, 100.0, 78.57, 96.47, 98.37, 89.13, 100.0, 99.66, 96.65, 96.88]

test_confusion_matrix: 
   30     1     0     0     0     0     0     0     0     0     0     0     0     0     0     0
    0   981     2     2     0     0     0     0     0     2    10     2     0     0     0     0
    0     5   571     0     0     0     0     0     0     1     4     0     0     0     0     0
    0     7     1   157     0     0     0     0     0     0     0     0     0     0     0     0
    0     0     0     0   337     0     0     0     0     0     0     0     0     0     0     0
    0     1     0     0     0   508     0     0     0     0     0     0     0     0     2     0
    0     0     0     0     1     0    18     0     0     0     0     0     0     0     0     0
    0     0     0     0     0     0     0   334     0     0     0     0     0     0     0     0
    0     0     2     0     1     0     0     0    11     0     0     0     0     0     0     0
    0     8     0     0     2     0     0     0     0   655     8     4     0     0     2     0
    0    11     2     0     0     3     0     0     0    12  1690     0     0     0     0     0
    0    35     0     3     0     0     0     0     0     1     4   369     0     0     0     2
    0     0     0     0     0     0     0     0     0     0     0     0   143     0     0     0
    0     0     0     0     1     1     0     0     0     0     0     0     0   882     1     0
    0     0     0     1     0     2     0     0     0     1     0     1     0     4   260     0
    0     0     0     0     0     0     0     0     0     0     0     2     0     0     0    62
