
2022-05-09 20:55:10

####################################################################################################
     Training Records
####################################################################################################

     epoch:100                    loss:0.00022261036602373838

     train_acc:100.0                    val_acc:98.84615384615384

####################################################################################################
                                             Accuracies
####################################################################################################
              precision    recall  f1-score   support

           0       1.00      0.90      0.95        31
           1       0.97      0.98      0.98       999
           2       1.00      0.97      0.98       581
           3       0.99      0.99      0.99       165
           4       1.00      0.99      1.00       337
           5       0.99      1.00      1.00       511
           6       1.00      1.00      1.00        19
           7       1.00      1.00      1.00       334
           8       1.00      1.00      1.00        14
           9       0.97      0.99      0.98       679
          10       0.99      0.99      0.99      1718
          11       0.96      0.98      0.97       414
          12       1.00      1.00      1.00       143
          13       1.00      0.99      1.00       885
          14       0.99      0.95      0.97       269
          15       0.97      0.97      0.97        64

    accuracy                           0.99      7163
   macro avg       0.99      0.98      0.99      7163
weighted avg       0.99      0.99      0.99      7163

OA, AA, kappa:[0.9870166131509144, 0.9821723605303185, 0.9851915864717194]

each-acc:[90.32, 98.5, 96.9, 99.39, 99.41, 100.0, 100.0, 100.0, 100.0, 98.82, 99.07, 97.58, 100.0, 99.44, 95.17, 96.88]

test_confusion_matrix: 
   28     0     0     0     0     0     0     0     0     0     3     0     0     0     0     0
    0   984     1     1     0     1     0     0     0     1     3     8     0     0     0     0
    0     2   563     0     0     0     0     0     0    12     0     3     0     1     0     0
    0     0     1   164     0     0     0     0     0     0     0     0     0     0     0     0
    0     0     0     0   335     0     0     0     0     0     2     0     0     0     0     0
    0     0     0     0     0   511     0     0     0     0     0     0     0     0     0     0
    0     0     0     0     0     0    19     0     0     0     0     0     0     0     0     0
    0     0     0     0     0     0     0   334     0     0     0     0     0     0     0     0
    0     0     0     0     0     0     0     0    14     0     0     0     0     0     0     0
    0     1     0     0     0     0     0     0     0   671     5     2     0     0     0     0
    0    14     0     0     0     1     0     0     0     0  1702     0     0     0     0     1
    0     2     0     0     1     0     0     0     0     5     1   404     0     0     0     1
    0     0     0     0     0     0     0     0     0     0     0     0   143     0     0     0
    0     0     0     0     0     0     0     0     0     2     1     0     0   880     2     0
    0     7     0     0     0     2     0     0     0     1     0     1     0     2   256     0
    0     1     0     0     0     0     0     0     0     0     0     1     0     0     0    62
