
2022-05-09 07:15:58

####################################################################################################
     Training Records
####################################################################################################

     epoch:191                    loss:4.19386463333716e-05

     train_acc:100.0                    val_acc:98.65384615384616

####################################################################################################
                                             Accuracies
####################################################################################################
              precision    recall  f1-score   support

           0       1.00      0.90      0.95        31
           1       0.98      0.98      0.98       999
           2       0.97      0.98      0.98       581
           3       1.00      0.94      0.97       165
           4       0.97      0.99      0.98       337
           5       0.99      1.00      0.99       511
           6       1.00      0.95      0.97        19
           7       1.00      0.99      1.00       334
           8       1.00      0.79      0.88        14
           9       0.96      0.97      0.97       679
          10       0.99      0.98      0.99      1718
          11       0.98      0.95      0.96       414
          12       1.00      0.99      1.00       143
          13       0.99      1.00      1.00       885
          14       0.97      0.99      0.98       269
          15       0.86      1.00      0.93        64

    accuracy                           0.98      7163
   macro avg       0.98      0.96      0.97      7163
weighted avg       0.98      0.98      0.98      7163

OA, AA, kappa:[0.9821303922937317, 0.9628552966617243, 0.9796293493568896]

each-acc:[90.32, 97.6, 98.45, 93.94, 99.11, 100.0, 94.74, 99.1, 78.57, 97.2, 98.31, 95.41, 99.3, 100.0, 98.51, 100.0]

test_confusion_matrix: 
   28     0     0     0     3     0     0     0     0     0     0     0     0     0     0     0
    0   975     5     0     4     1     0     0     0     2     8     4     0     0     0     0
    0     5   572     0     0     0     0     0     0     1     0     0     0     3     0     0
    0     3     7   155     0     0     0     0     0     0     0     0     0     0     0     0
    0     0     0     0   334     0     0     0     0     0     0     1     0     0     2     0
    0     0     0     0     0   511     0     0     0     0     0     0     0     0     0     0
    0     0     0     0     1     0    18     0     0     0     0     0     0     0     0     0
    0     1     0     0     0     0     0   331     0     0     0     0     0     2     0     0
    0     0     1     0     1     1     0     0    11     0     0     0     0     0     0     0
    0     8     0     0     0     1     0     0     0   660     4     4     0     0     2     0
    0     5     0     0     0     3     0     0     0    20  1689     1     0     0     0     0
    0     0     1     0     0     0     0     0     0     3     0   395     0     1     4    10
    0     0     1     0     0     0     0     0     0     0     0     0   142     0     0     0
    0     0     0     0     0     0     0     0     0     0     0     0     0   885     0     0
    0     0     2     0     1     0     0     0     0     0     0     0     0     1   265     0
    0     0     0     0     0     0     0     0     0     0     0     0     0     0     0    64
