
2022-05-09 21:04:10

####################################################################################################
     Training Records
####################################################################################################

     epoch:163                    loss:0.041262297229594

     train_acc:99.4186046511628                    val_acc:98.75

####################################################################################################
                                             Accuracies
####################################################################################################
              precision    recall  f1-score   support

           0       1.00      0.97      0.98        31
           1       0.94      0.98      0.96       999
           2       0.98      0.98      0.98       581
           3       0.99      0.96      0.98       165
           4       0.98      0.99      0.98       337
           5       0.98      0.99      0.98       511
           6       1.00      0.95      0.97        19
           7       1.00      1.00      1.00       334
           8       1.00      1.00      1.00        14
           9       0.99      0.96      0.98       679
          10       0.99      0.99      0.99      1718
          11       0.98      0.92      0.95       414
          12       1.00      1.00      1.00       143
          13       0.99      0.99      0.99       885
          14       1.00      0.96      0.98       269
          15       0.91      0.98      0.95        64

    accuracy                           0.98      7163
   macro avg       0.98      0.98      0.98      7163
weighted avg       0.98      0.98      0.98      7163

OA, AA, kappa:[0.979757085020243, 0.9764010303095947, 0.9769033502044827]

each-acc:[96.77, 97.8, 97.93, 96.36, 98.81, 99.02, 94.74, 100.0, 100.0, 96.47, 98.89, 92.03, 100.0, 99.44, 95.54, 98.44]

test_confusion_matrix: 
   30     1     0     0     0     0     0     0     0     0     0     0     0     0     0     0
    0   977     9     2     0     0     0     0     0     0     7     4     0     0     0     0
    0     5   569     0     1     0     0     0     0     3     0     0     0     3     0     0
    0     1     0   159     3     0     0     0     0     0     0     2     0     0     0     0
    0     1     0     0   333     3     0     0     0     0     0     0     0     0     0     0
    0     2     0     0     1   506     0     0     0     0     2     0     0     0     0     0
    0     0     0     0     0     1    18     0     0     0     0     0     0     0     0     0
    0     0     0     0     0     0     0   334     0     0     0     0     0     0     0     0
    0     0     0     0     0     0     0     0    14     0     0     0     0     0     0     0
    0    19     0     0     0     0     0     0     0   655     2     3     0     0     0     0
    0    16     0     0     0     3     0     0     0     0  1699     0     0     0     0     0
    0    16     0     0     0     0     0     0     0     3     8   381     0     0     0     6
    0     0     0     0     0     0     0     0     0     0     0     0   143     0     0     0
    0     2     0     0     3     0     0     0     0     0     0     0     0   880     0     0
    0     2     0     0     0     5     0     0     0     0     1     0     0     4   257     0
    0     1     0     0     0     0     0     0     0     0     0     0     0     0     0    63
